  can0  501   [8]  00 00 00 00 00 00 00 00
  can0  502   [8]  00 00 00 00 00 00 80 3F
  can0  505   [8]  20 00 00 00 00 00 00 04
  can0  501   [8]  00 00 00 00 00 00 00 00
  can0  502   [8]  00 00 00 00 00 00 80 3F
  can0  505   [8]  20 00 00 00 00 00 00 04
  can0  501   [8]  00 00 00 00 00 00 00 00
  can0  502   [8]  00 00 00 00 00 00 80 3F
  can0  505   [8]  20 00 00 00 00 00 00 04
  can0  501   [8]  00 00 00 00 00 00 00 00
  can0  502   [8]  00 00 00 00 00 00 80 3F
  can0  505   [8]  20 00 00 00 00 00 00 04
  can0  501   [8]  00 00 00 00 00 00 00 00
  can0  502   [8]  00 00 00 00 00 00 80 3F
  can0  505   [8]  20 00 00 00 00 00 00 04
  can0  501   [8]  00 00 00 00 00 00 00 00
  can0  502   [8]  00 00 00 00 00 00 80 3F
  can0  505   [8]  20 00 00 00 00 00 00 04
  can0  501   [8]  00 00 00 00 00 00 00 00
  can0  502   [8]  00 00 00 00 00 00 80 3F
  can0  505   [8]  20 00 00 00 00 00 00 04
  can0  501   [8]  00 00 00 00 00 00 00 00
  can0  502   [8]  00 00 00 00 00 00 80 3F
  can0  505   [8]  20 00 00 00 00 00 00 04
  can0  500   [8]  01 00 00 00 36 38 30 54
  can0  501   [8]  00 00 00 00 00 00 00 00
  can0  502   [8]  00 00 00 00 00 00 80 3F
  can0  505   [8]  20 00 00 00 00 00 00 04
  can0  501   [8]  00 00 00 00 00 00 00 00
  can0  502   [8]  00 00 00 00 00 00 80 3F
  can0  505   [8]  20 00 00 00 00 00 00 04
  can0  501   [8]  00 00 00 00 00 00 00 00
  can0  502   [8]  00 00 00 00 00 00 80 3F
  can0  505   [8]  20 00 00 00 00 00 00 04
  can0  501   [8]  00 00 00 00 00 00 00 00
  can0  502   [8]  00 00 00 00 00 00 80 3F
  can0  505   [8]  20 00 00 00 00 00 00 04
  can0  501   [8]  00 00 00 00 00 00 00 00
  can0  502   [8]  00 00 00 00 00 00 80 3F
  can0  505   [8]  20 00 00 00 00 00 00 04
  can0  501   [8]  00 00 00 00 00 00 00 00
  can0  502   [8]  00 00 00 00 00 00 80 3F
  can0  505   [8]  20 00 00 00 00 00 00 04
  can0  501   [8]  00 00 00 00 00 00 00 00
  can0  502   [8]  00 00 00 00 00 00 80 3F
  can0  505   [8]  20 00 00 00 00 00 00 04
  can0  501   [8]  00 00 00 00 00 00 00 00
  can0  502   [8]  00 00 00 00 00 00 80 3F
  can0  505   [8]  20 00 00 00 00 00 00 04
  can0  501   [8]  00 00 00 00 00 00 00 00
  can0  502   [8]  00 00 00 00 00 00 80 3F
  can0  505   [8]  20 00 00 00 00 00 00 04
  can0  501   [8]  00 00 00 00 00 00 00 00
  can0  502   [8]  00 00 00 00 00 00 80 3F
  can0  505   [8]  20 00 00 00 00 00 00 04
  can0  500   [8]  01 00 00 00 36 38 30 54
  can0  501   [8]  00 00 00 00 00 00 00 00
  can0  502   [8]  00 00 00 00 00 00 80 3F
  can0  505   [8]  20 00 00 00 00 00 00 04
  can0  501   [8]  00 00 00 00 00 00 00 00
  can0  502   [8]  00 00 00 00 00 00 80 3F
  can0  505   [8]  20 00 00 00 00 00 00 04
  can0  501   [8]  00 00 00 00 00 00 00 00
  can0  502   [8]  00 00 00 00 00 00 80 3F
  can0  505   [8]  20 00 00 00 00 00 00 04
  can0  501   [8]  00 00 00 00 00 00 00 00
  can0  502   [8]  00 00 00 00 00 00 80 3F
  can0  505   [8]  20 00 00 00 00 00 00 04
  can0  501   [8]  00 00 00 00 00 00 00 00
  can0  502   [8]  00 00 00 00 00 00 80 3F
  can0  505   [8]  20 00 00 00 00 00 00 04
  can0  501   [8]  00 00 00 00 00 00 00 00
  can0  502   [8]  00 00 00 00 00 00 80 3F
  can0  505   [8]  20 00 00 00 00 00 00 04
  can0  501   [8]  00 00 00 00 00 00 00 00
  can0  502   [8]  00 00 00 00 00 00 80 3F
  can0  505   [8]  20 00 00 00 00 00 00 04
  can0  501   [8]  00 00 00 00 00 00 00 00
  can0  502   [8]  00 00 00 00 00 00 80 3F
  can0  505   [8]  20 00 00 00 00 00 00 04
  can0  501   [8]  00 00 00 00 00 00 00 00
  can0  502   [8]  00 00 00 00 00 00 80 3F
  can0  505   [8]  20 00 00 00 00 00 00 04
  can0  501   [8]  00 00 00 00 00 00 00 00
  can0  502   [8]  00 00 00 00 00 00 80 3F
  can0  505   [8]  20 00 00 00 00 00 00 04
  can0  500   [8]  01 00 00 00 36 38 30 54
  can0  501   [8]  00 00 00 00 00 00 00 00
  can0  502   [8]  00 00 00 00 00 00 80 3F
  can0  505   [8]  20 00 00 00 00 00 00 04
  can0  501   [8]  00 00 00 00 00 00 00 00
  can0  502   [8]  00 00 00 00 00 00 80 3F
  can0  505   [8]  20 00 00 00 00 00 00 04
  can0  501   [8]  00 00 00 00 00 00 00 00
  can0  502   [8]  00 00 00 00 00 00 80 3F
  can0  505   [8]  20 00 00 00 00 00 00 04
  can0  501   [8]  00 00 00 00 00 00 00 00
  can0  502   [8]  00 00 00 00 00 00 80 3F
  can0  505   [8]  20 00 00 00 00 00 00 04
  can0  501   [8]  00 00 00 00 00 00 00 00
